#include<graphics.h>

int main()
{
    int gd=DETECT, gm, i, j, k;
    initgraph(&gd, &gm, (char*)"");
    setcolor(WHITE);
    setfillstyle(SOLID_FILL, WHITE);

    /* ch1 ch2 ch3 ch4 are character arrays that display alphabets */

    int ch1[][25]={ {1,1,1,1,1,1,1,1,1,1},
                    {1,1,1,1,1,1,1,1,1,1},
                    {0,0,0,0,1,1,0,0,0,0},
                    {0,0,0,0,1,1,0,0,0,0},
                    {0,0,0,0,1,1,0,0,0,0},
                    {0,0,0,0,1,1,0,0,0,0},
                    {0,0,0,0,1,1,0,0,0,0},
                    {0,0,0,0,1,1,0,0,0,0},
                    {0,0,0,0,1,1,0,0,0,0},
                    {0,0,0,0,1,1,0,0,0,0},
                    {0,0,0,0,1,1,0,0,0,0},
                    {0,0,0,0,1,1,0,0,0,0},
                    {0,0,0,0,1,1,0,0,0,0},
                    {0,0,0,0,1,1,0,0,0,0},
                    {0,0,0,0,1,1,0,0,0,0},
                    {0,0,0,0,1,1,0,0,0,0},
                    {0,0,0,0,1,1,0,0,0,0},
                    {0,0,0,0,1,1,0,0,0,0},
                    {0,0,0,0,1,1,0,0,0,0},
                    {0,0,0,0,1,1,0,0,0,0},
                    {0,0,0,0,1,1,0,0,0,0},
                    {0,0,0,0,1,1,0,0,0,0},
                    {0,0,0,0,1,1,0,0,0,0},
                    {1,1,1,1,1,1,1,1,1,1},
                    {1,1,1,1,1,1,1,1,1,1}}; // I

    int ch2[][25]={ {1,1,1,1,1,1,1,1,1,1},
                    {1,1,1,1,1,1,1,1,1,1},
                    {0,0,0,0,1,1,0,0,0,0},
                    {0,0,0,0,1,1,0,0,0,0},
                    {0,0,0,0,1,1,0,0,0,0},
                    {0,0,0,0,1,1,0,0,0,0},
                    {0,0,0,0,1,1,0,0,0,0},
                    {0,0,0,0,1,1,0,0,0,0},
                    {0,0,0,0,1,1,0,0,0,0},
                    {0,0,0,0,1,1,0,0,0,0},
                    {0,0,0,0,1,1,0,0,0,0},
                    {0,0,0,0,1,1,0,0,0,0},
                    {0,0,0,0,1,1,0,0,0,0},
                    {0,0,0,0,1,1,0,0,0,0},
                    {0,0,0,0,1,1,0,0,0,0},
                    {0,0,0,0,1,1,0,0,0,0},
                    {0,0,0,0,1,1,0,0,0,0},
                    {0,0,0,0,1,1,0,0,0,0},
                    {0,0,0,0,1,1,0,0,0,0},
                    {0,0,0,0,1,1,0,0,0,0},
                    {0,0,0,0,1,1,0,0,0,0},
                    {0,0,0,0,1,1,0,0,0,0},
                    {0,0,0,0,1,1,0,0,0,0},
                    {1,1,1,1,1,1,1,1,1,1},
                    {1,1,1,1,1,1,1,1,1,1}}; // I

    int ch3[][10]={ {1,1,0,0,0,0,0,0,1,1},
                    {1,1,0,0,0,0,0,0,1,1},
                    {1,1,0,0,0,0,0,0,1,1},
                    {1,1,0,0,0,0,0,0,1,1},
                    {1,1,0,0,0,0,0,0,1,1},
                    {1,1,0,0,0,0,0,0,1,1},
                    {1,1,0,0,0,0,0,0,1,1},
                    {1,1,0,0,0,0,0,0,1,1},
                    {1,1,0,0,0,0,0,0,1,1},
                    {1,1,0,0,0,0,0,0,1,1},
                    {1,1,0,0,0,0,0,0,1,1},
                    {1,1,0,0,0,0,0,0,1,1},
                    {1,1,0,0,0,0,0,0,1,1},
                    {1,1,0,0,0,0,0,0,1,1},
                    {1,1,0,0,0,0,0,0,1,1},
                    {1,1,0,0,0,0,0,0,1,1},
                    {1,1,0,0,0,0,0,0,1,1},
                    {1,1,0,0,0,0,0,0,1,1},
                    {1,1,0,0,0,0,0,0,1,1},
                    {1,1,0,0,0,0,0,0,1,1},
                    {1,1,0,0,0,0,0,0,1,1},
                    {1,1,0,0,0,0,0,0,1,1},
                    {1,1,0,0,0,0,0,0,1,1},
                    {1,1,1,1,1,1,1,1,1,1},
                    {1,1,1,1,1,1,1,1,1,1}}; // U

    int ch4[][10]={ {1,1,1,1,1,1,1,1,1,1},
                    {1,1,1,1,1,1,1,1,1,1},
                    {1,1,0,0,0,0,0,0,0,0},
                    {1,1,0,0,0,0,0,0,0,0},
                    {1,1,0,0,0,0,0,0,0,0},
                    {1,1,0,0,0,0,0,0,0,0},
                    {1,1,0,0,0,0,0,0,0,0},
                    {1,1,0,0,0,0,0,0,0,0},
                    {1,1,0,0,0,0,0,0,0,0},
                    {1,1,0,0,0,0,0,0,0,0},
                    {1,1,0,0,0,0,0,0,0,0},
                    {1,1,0,0,0,0,0,0,0,0},
                    {1,1,0,0,0,0,0,0,0,0},
                    {1,1,0,0,0,0,0,0,0,0},
                    {1,1,0,0,0,0,0,0,0,0},
                    {1,1,0,0,0,0,0,0,0,0},
                    {1,1,0,0,0,0,0,0,0,0},
                    {1,1,0,0,0,0,0,0,0,0},
                    {1,1,0,0,0,0,0,0,0,0},
                    {1,1,0,0,0,0,0,0,0,0},
                    {1,1,0,0,0,0,0,0,0,0},
                    {1,1,0,0,0,0,0,0,0,0},
                    {1,1,0,0,0,0,0,0,0,0},
                    {1,1,1,1,1,1,1,1,1,1},
                    {1,1,1,1,1,1,1,1,1,1}}; // C

    for(k=0;k<4;k++)
    {
        for(i=0;i<25;i++)
        {
            for(j=0;j<10;j++)
            {
                if(k==0)
                {
                    if(ch1[i][j]==1)
                        putpixel(j+200,i+230,WHITE);
                }
                else if(k==1)
                {
                    if(ch2[i][j]==1)
                        putpixel(j+250,i+230,WHITE);
                }
                else if(k==2)
                {
                    if(ch3[i][j]==1)
                        putpixel(j+300,i+230,WHITE);
                }
                else if(k==3)
                {
                    if(ch4[i][j]==1)
                        putpixel(j+350,i+230,WHITE);
                }
            }

            delay(100);
        }
    }

    getch();
    closegraph();
    return 0;
}
