#include<graphics.h>

int main()
{
    int gd=DETECT, gm;
    initgraph(&gd, &gm, (char*)"");
    initwindow(1900, 1000);
    setcolor(WHITE);
    setfillstyle(SOLID_FILL, WHITE);

    //steps

    line(205, 800, 1585, 800);
    line(190, 815, 1600, 815);
    line(175, 830, 1615, 830);
    line(160, 845, 1630, 845);
    line(145, 860, 1645, 860);
    line(130, 875, 1660, 875);

    line(205, 800, 130, 875);
    line(1585, 800, 1660, 875);

    floodfill(206, 801, WHITE);
    floodfill(176, 831, WHITE);
    floodfill(146, 861, WHITE);

    // left side 1

    line(205, 800, 205, 450);
    line(210, 800, 210, 450);
    line(260, 800, 260, 500);
    line(283, 500, 283, 800);
    line(306, 500, 306, 800);
    line(330, 800, 330, 500);
    line(335, 800, 335, 500);
    line(385, 800, 385, 450);

    line(260, 500, 335, 500);
    line(205, 450, 385, 450);

    floodfill(384, 799, WHITE);

    // left side 2

    line(485, 800, 485, 350);
    line(490, 800, 490, 350);
    line(535, 800, 535, 400);
    line(555, 800, 555, 400);
    line(581, 800, 581, 400);
    line(600, 800, 600, 400);
    line(605, 800, 605, 400);
    line(650, 800, 650, 350);

    line(605, 400, 535, 400);
    line(485, 350, 650, 350);

    floodfill(649, 799, WHITE);

    // middle

    line(750, 800, 750, 350);
    line(755, 800, 755, 350);
    line(800, 800, 800, 350);
    line(823, 350, 823, 800);
    line(846, 350, 846, 800);
    line(870, 800, 870, 350);
    line(875, 800, 875, 350);
    line(920, 800, 920, 350);
    line(945, 350, 945, 800);
    line(968, 350, 968, 800);
    line(990, 800, 990, 350);
    line(995, 800, 995, 350);
    line(1040, 800, 1040, 350);

    line(750, 350, 895, 150);
    line(755, 350, 900, 150);
    line(1040, 350, 1185, 150);
    line(895, 150, 1185, 150);

    line(800, 350, 915, 195);
    line(823, 350, 938, 195);
    line(846, 350, 961, 195);
    line(870, 350, 985, 195);
    line(875, 350, 990, 195);
    line(915, 195, 990, 195);
    line(920, 350, 1035, 195);
    line(945, 350, 1060, 195);
    line(968, 350, 1083, 195);
    line(990, 350, 1105, 195);
    line(995, 350, 1110, 195);
    line(1035, 195, 1110, 195);

    line(800, 350, 870, 350);
    line(920, 350, 990, 350);

    floodfill(756, 799, WHITE);

    // right side 2

    line(1140, 800, 1140, 350);
    line(1145, 800, 1145, 350);
    line(1190, 800, 1190, 400);
    line(1213, 800, 1213, 400);
    line(1236, 800, 1236, 400);
    line(1260, 800, 1260, 400);
    line(1265, 800, 1265, 400);
    line(1305, 800, 1305, 350);

    line(1190, 400, 1265, 400);
    line(1140, 350, 1305, 350);

    floodfill(1146, 799, WHITE);

    // right side 1

    line(1405, 800, 1405, 450);
    line(1410, 800, 1410, 450);
    line(1460, 800, 1460, 500);
    line(1483, 800, 1483, 500);
    line(1506, 800, 1506, 500);
    line(1530, 800, 1530, 500);
    line(1535, 800, 1535, 500);
    line(1585, 800, 1585, 450);

    line(1460, 500, 1535, 500);
    line(1405, 450, 1585, 450);

    floodfill(1411, 799, WHITE);

    getch();
    closegraph();
    return 0;
}
